- name: 1
  point: [-0.3740130364894867, -0.05220867693424225, 0.1384496837854385, -97.36236455021694, 71.99042131953289, 168.3711500283255]
- name: 2
  point: [-0.3768291175365448, 0.04500973969697952, 0.1626696735620499, -100.1479574944037, 71.85034641875997, 165.4409389084516]
- name: 3
  point: [-0.3651958703994751, 0.1673395335674286, 0.1411330252885818, -68.55682775459097, 70.76579766024425, -161.3050975909066]
- name: 4
  point: [-0.2646041512489319, -0.04128235578536987, 0.1908276379108429, -17.88522683864988, -3.216014085590025, -92.85453325919185]