- name: 1
  point: [-0.3712680339813232, 0.01517305709421635, 0.1485410332679749, -9.611101315869474, 62.44480648575633, 175.8500121224951]
- name: 2
  point: [-0.3637391924858093, 0.0834868848323822, 0.140912801027298, -9.611101315869474, 62.44480648575633, 175.8500121224951]
- name: 3
  point: [-0.3283418118953705, 0.1359618753194809, 0.1290666162967682, -9.611101315869474, 62.44480648575633, 175.8500121224951]
- name: 4
  point: [-0.2904506921768188, 0.1604605913162231, 0.07875999808311462, -9.611101315869474, 62.44480648575633, 175.8500121224951]