- name: 1
  point: [-0.4240915775299072, -0.02889301441609859, 0.08525729179382324, -9.611101192682234, 62.44480675255576, 175.8500189202308]
- name: 2
  point: [-0.3850278258323669, 0.06829646229743958, 0.124016672372818, -9.611101192682234, 62.44480675255576, 175.8500189202308]
- name: 3
  point: [-0.3604534566402435, 0.1445615142583847, 0.0671195387840271, -9.611101192682234, 62.44480675255576, 175.8500189202308]
- name: 4
  point: [-0.3328291177749634, 0.2095822691917419, -0.04811316728591919, -9.611101192682234, 62.44480675255576, 175.8500189202308]