- name: 1
  point: [-0.412278950214386, -0.06564287841320038, 0.03312729299068451, -45.09033746220681, 86.98918440463117, 42.44255411164801]
- name: 2
  point: [-0.4169466495513916, 0.02445587515830994, 0.02443764358758926, -42.91440747205561, 84.70542313252365, 44.80098134039151]
- name: 3
  point: [-0.379317581653595, 0.1172425746917725, 0.03124983608722687, -24.23237702312586, 86.56681071887573, 63.25037445684535]