- name: 1
  point: [-0.3780660331249237, -0.1124971583485603, 0.03362849354743958, -9.020363186172425, 76.27509370739958, 78.72647300363657]
- name: 2
  point: [-0.3940007090568542, 0.001422494649887085, 0.08583326637744904, -42.91440921516493, 84.7054232870824, 44.80098308350091]
- name: 3
  point: [-0.3734480440616608, 0.1157967522740364, 0.06743225455284119, -160.7422258791819, 85.72621984002024, -73.34757923175033]