- name: 1
  point: [-0.3852150440216064, -0.1096105724573135, 0.1076763346791267, 120.7399848620602, 82.39840655837449, -152.1329185338356]
- name: 2
  point: [-0.3852150440216064, 0, 0.1076763346791267, 120.7399848620602, 82.39840655837449, -152.1329185338356]
- name: 3
  point: [-0.3852150440216064, 0.1, 0.1076763346791267, 120.7399848620602, 82.39840655837449, -152.1329185338356]
- name: 4
  point: [-0.3852150440216064, 0.2, 0.1076763346791267, 120.7399848620602, 82.39840655837449, -152.1329185338356]
