- name: 1
  point: [-0.3975216746330261, -0.0650348961353302, 0.09065590798854828, -45.09038071342932, 86.98918211682589, 42.4425075920341]
- name: 2
  point: [-0.3802103400230408, 0.08247358351945877, 0.07049297541379929, -42.91440665782699, 84.70541846950661, 44.80097880471158]
- name: 3
  point: [-0.3469197154045105, 0.2386026680469513, 0.0453096330165863, -24.23233815774519, 86.56680986277533, 63.25041157680047]