- name: 1
  point: [-0.3975216746330261, -0.0650348961353302, 0.09065590798854828, 120.7399805904972, 82.39841566182166, -152.1329536851198]
- name: 2
  point: [-0.3802103400230408, 0.08247358351945877, 0.07049297541379929, 120.7399805904972, 82.39841566182166, -152.1329536851198]
- name: 3
  point: [-0.3469197154045105, 0.2386026680469513, 0.0453096330165863, 120.7399805904972, 82.39841566182166, -152.1329536851198]