- name: 1
  point: [-0.412298858165741, -0.02456668019294739, 0.05967995524406433, 120.7399801815743, 82.39841098843181, -152.1329335647612]
- name: 2
  point: [-0.3544661402702332, 0.06823999434709549, 0.1580916345119476, 120.7399801815743, 82.39841098843181, -152.1329335647612]
- name: 3
  point: [-0.3419596552848816, 0.1999793350696564, 0.02833929657936096, 120.7399801815743, 82.39841098843181, -152.1329335647612]